0 
0 
0 
0 
0 
0 
0 
0 
0 
0 
0 
0 
0 
0 
0 
0 
0 
0 
0 
0 
0 
0 
0 
0 
0 
0 
0 
0 
0 
0 
0 
0 
0 
0 
0 
0 
0 
0 
0 
0 
0 
0 
0 
0 
0 
0 
0 
0 
0 
0 
0 
0 
0 
0 
0 
0 
0 
0 
0 
0 
0 
0 
0 
0 
0 
2 
3 
0 
0 
0 
0 
0 
0 
0 
0 
0 
0 
0 
0 
0 
0 
0 
0 
0 
0 
0 
0 
0 
0 
0 
0 
0 
0 
0 
0 
0 
0 
0 
0 
0 
0 
0 
0 
0 
0 
0 
0 
0 
0 
0 
0 
0 
0 
0 
0 
0 
0 
0 
0 
0 
0 
0 
0 
0 
0 
0 
0 
0 
0 
0 
0 
86771 
61653 
-48167 
-47672 
-122956 
-44357 
28777 
232 
-29637 
-52160 
-53209 
-121526 
131018 
11721 
127742 
10351 
-84592 
129513 
-117453 
-96664 
125712 
-28338 
33893 
4535 
-50424 
30526 
40686 
-114724 
-112055 
-66853 
-51203 
45639 
31465 
95598 
40606 
114036 
78809 
-67893 
34916 
-93196 
-37859 
-79705 
-62682 
59135 
105084 
89251 
65391 
-130933 
101398 
195 
-113947 
113127 
8977 
-115007 
111801 
-2180 
45179 
-102268 
50195 
50698 
129940 
-10841 
-21158 
110370 
70745 
0 
0 
0 
0 
0 
0 
0 
0 
0 
0 
0 
0 
0 
0 
0 
0 
0 
0 
0 
0 
0 
0 
0 
0 
0 
0 
0 
0 
0 
0 
0 
0 
0 
0 
0 
0 
0 
0 
0 
0 
0 
0 
0 
0 
0 
0 
0 
0 
0 
0 
0 
0 
0 
0 
0 
0 
0 
0 
0 
0 
0 
0 
0 
0 
0 
